1.000000000000000000e+00 2.031461582655366890e-06 4.449148960520876173e-06 1.090131312917987656e-06
9.499999999999999556e-01 2.516451925827737913e-06 4.708338141226325998e-06 1.091828248687595142e-06
9.000000000000000222e-01 2.880177587382977141e-06 4.331289754359704647e-06 1.012343372632115940e-06
8.499999999999999778e-01 3.436226211452966247e-06 4.094006119885425524e-06 1.064171998161072607e-06
8.000000000000000444e-01 3.555840594671346866e-06 3.559314992160826275e-06 1.091353977962873453e-06
7.500000000000000000e-01 3.994809882620549378e-06 3.775407674151667585e-06 1.091328564199271804e-06
6.999999999999999556e-01 2.547358702837340632e-06 2.051464943743639194e-06 5.707472218080537381e-07
6.500000000000000222e-01 5.479629084287324652e-06 4.046328124855020118e-06 1.189865795009608470e-06
5.999999999999999778e-01 6.072611137738196150e-06 4.326412591795924067e-06 1.078946219851094052e-06
5.500000000000000444e-01 7.690507300022123767e-06 1.524525249990522001e-05 1.205402233455764799e-06
5.000000000000000000e-01 6.680196786233964897e-06 5.883214000851892185e-06 1.243357806760764832e-06
4.500000000000000111e-01 9.242801477965725137e-06 6.761628566321827049e-06 1.134335564646351288e-06
4.000000000000000222e-01 9.612725672989926818e-06 1.374806944212301929e-05 1.244849874210532368e-06
3.499999999999999778e-01 1.007712475388977841e-05 1.176231107766538363e-05 1.230402068466597195e-06
2.999999999999999889e-01 1.031286288490570482e-05 7.560869173938102314e-06 1.278522238678233159e-06
2.500000000000000000e-01 1.070176596896218027e-05 1.009957839669860125e-05 1.383666062950116126e-06
2.000000000000000111e-01 1.566920315725572619e-05 1.273720604804171861e-05 1.884796857914755849e-06
1.499999999999999944e-01 1.674888666235257827e-05 1.218941359975944341e-05 1.275732103665954887e-06
1.000000000000000056e-01 1.242238742224636903e-05 9.445749932849337207e-06 1.427884548211102612e-06
5.000000000000000278e-02 1.150916791682243928e-05 1.004908627504451363e-05 1.376803497507988502e-06
