1.000000000000000000e+00 3.000274634298735754e-01 1.498466778178447756e-01 1.254683004674307156e+00
9.499999999999999556e-01 4.138076160811550719e-01 2.067908063421826648e-01 1.255358516220006493e+00
9.000000000000000222e-01 5.200359285581199753e-01 2.599553669407250744e-01 1.255352973865864863e+00
8.499999999999999778e-01 6.183535111483684510e-01 3.090837963274360445e-01 1.254858667098151193e+00
8.000000000000000444e-01 7.079975282628963029e-01 3.538742480890758046e-01 1.253905929947179532e+00
7.500000000000000000e-01 7.881095416676582310e-01 3.941095925452198223e-01 1.252761611570551326e+00
6.999999999999999556e-01 8.580619988966975420e-01 4.290254683203593711e-01 1.251436642893777540e+00
6.500000000000000222e-01 9.171601387248314863e-01 4.585675646598931232e-01 1.250009630007365979e+00
5.999999999999999778e-01 9.658836119529561337e-01 4.828495789256377901e-01 1.248468437646386153e+00
5.500000000000000444e-01 1.004824393723619869e+00 5.023638641027257101e-01 1.246939276391922036e+00
5.000000000000000000e-01 1.035951854050003007e+00 5.177333870517313308e-01 1.245464329109497559e+00
4.500000000000000111e-01 1.060262951995123437e+00 5.298887264950150611e-01 1.244008899891801967e+00
4.000000000000000222e-01 1.079372075753968208e+00 5.395642742961341831e-01 1.242624500449077907e+00
3.499999999999999778e-01 1.094460235545956728e+00 5.471173604101496890e-01 1.241371446286209324e+00
2.999999999999999889e-01 1.106394263759052254e+00 5.533442763273441756e-01 1.240237616402689369e+00
2.500000000000000000e-01 1.116002798069349433e+00 5.578990723471035640e-01 1.239243264599073857e+00
2.000000000000000111e-01 1.123471300245008964e+00 5.616625557910193134e-01 1.238355893832604693e+00
1.499999999999999944e-01 1.129344235967365329e+00 5.647490229182964283e-01 1.237688175497162923e+00
1.000000000000000056e-01 1.133518828350952967e+00 5.667048652511031959e-01 1.237142404773188931e+00
5.000000000000000278e-02 1.136764190716011980e+00 5.683420229806268598e-01 1.236666986537980462e+00
