1.000000000000000000e+00 9.824522835243734635e-07 3.740442205926390517e-06 1.051357955391276976e-06
9.499999999999999556e-01 1.205430081676918759e-06 3.723863420447196457e-06 9.891431418292701242e-07
9.000000000000000222e-01 1.467421515631277916e-06 3.250058483805389714e-06 1.085632522865335057e-06
8.499999999999999778e-01 1.952349174895492765e-06 3.468809319744644625e-06 1.089277666455625350e-06
8.000000000000000444e-01 2.338664832099980868e-06 3.276720628801992583e-06 9.605106997747004734e-07
7.500000000000000000e-01 2.786974181199605855e-06 3.343997444590501104e-06 1.096986811059559496e-06
6.999999999999999556e-01 2.989190128647684043e-06 5.596706969058074594e-06 1.128789181410239370e-06
6.500000000000000222e-01 3.694740229268243575e-06 4.618722329617501769e-06 1.142857323754042264e-06
5.999999999999999778e-01 4.322394723043235872e-06 5.536113429939629462e-06 1.195592685827592773e-06
5.500000000000000444e-01 4.920381519396685774e-06 9.410288823225160983e-06 1.109370595437771907e-06
5.000000000000000000e-01 5.499870601370044168e-06 1.037776907180776970e-05 1.243713328352355660e-06
4.500000000000000111e-01 6.566374719381861743e-06 1.244241625486739770e-05 1.261176989597952484e-06
4.000000000000000222e-01 8.651471094500823956e-06 7.557939035540547124e-06 1.271398199625066423e-06
3.499999999999999778e-01 1.415835564455939271e-05 1.769299111262011853e-05 1.320278276078393807e-06
2.999999999999999889e-01 1.008963010219657608e-05 1.830468127792762983e-05 1.246355469923020882e-06
2.500000000000000000e-01 1.121459046663338338e-05 1.696165542581096135e-05 1.492212173174491845e-06
2.000000000000000111e-01 1.470140217446689813e-05 2.876566043627093851e-05 1.396237296674344369e-06
1.499999999999999944e-01 5.016605050040317610e-05 8.062141901300937466e-05 3.012044430925163842e-06
1.000000000000000056e-01 1.310541208297666998e-05 2.933003454953624496e-05 1.447378621620867059e-06
5.000000000000000278e-02 1.332579655485866902e-05 2.029799801466252555e-05 1.494882594173965363e-06
