1.000000000000000000e+00 1.500986843076475563e-01 7.507159546883274137e-02 1.254727533219338165e+00
9.499999999999999556e-01 1.938577491564739685e-01 9.682222953232696994e-02 1.255304588626527718e+00
9.000000000000000222e-01 2.345921984508948788e-01 1.171598735060523366e-01 1.255656118600257720e+00
8.499999999999999778e-01 2.723804202326984281e-01 1.361542995146112767e-01 1.255868831524193263e+00
8.000000000000000444e-01 3.073612255208777455e-01 1.537141487308872345e-01 1.255933369876846895e+00
7.500000000000000000e-01 3.397573195092371545e-01 1.697072820792515646e-01 1.255927143820017022e+00
6.999999999999999556e-01 3.691406136571791508e-01 1.845872474997075630e-01 1.255863722160070584e+00
6.500000000000000222e-01 3.958941469837746752e-01 1.979733036358694853e-01 1.255749819063172401e+00
5.999999999999999778e-01 4.200115420711455494e-01 2.099133083878335082e-01 1.255614532184585519e+00
5.500000000000000444e-01 4.414166427506478474e-01 2.206255113614024599e-01 1.255479354611065856e+00
5.000000000000000000e-01 4.601097282564504676e-01 2.300852798180471059e-01 1.255349301452491018e+00
4.500000000000000111e-01 4.763165616889685205e-01 2.380773551649196795e-01 1.255229821178371896e+00
4.000000000000000222e-01 4.900600110135729381e-01 2.448321343902861713e-01 1.255155121316147149e+00
3.499999999999999778e-01 5.012524939052593886e-01 2.505105421145273903e-01 1.255084549770001612e+00
2.999999999999999889e-01 5.101289095142034213e-01 2.550227769949624523e-01 1.255041420076540071e+00
2.500000000000000000e-01 5.168273258709458196e-01 2.582929454385187729e-01 1.255039404517866108e+00
2.000000000000000111e-01 5.213341490058125416e-01 2.605960230957380386e-01 1.255070747854640567e+00
1.499999999999999944e-01 5.238147834494811805e-01 2.618614157448009849e-01 1.255129424162309215e+00
1.000000000000000056e-01 5.243084817838237210e-01 2.620991266466059511e-01 1.255178205450666384e+00
5.000000000000000278e-02 5.229983326155306367e-01 2.614751210309613216e-01 1.255244241702187180e+00
0.000000000000000000e+00 5.200359285581199753e-01 2.599553669407250744e-01 1.255352973865864863e+00
-5.000000000000000278e-02 5.154460074540679893e-01 2.576500410306606370e-01 1.255479664834774800e+00
-1.000000000000000056e-01 5.093189294558213565e-01 2.546681716226230074e-01 1.255571462848803721e+00
-1.499999999999999944e-01 5.019007406264230919e-01 2.508151952031508203e-01 1.255740940070947387e+00
-2.000000000000000111e-01 4.931172556347783731e-01 2.464825265052029146e-01 1.255861418676823549e+00
-2.500000000000000000e-01 4.831200714851160427e-01 2.414735920694328075e-01 1.255960691529684592e+00
-2.999999999999999889e-01 4.720007803989776374e-01 2.359249671850325580e-01 1.256071440168617048e+00
-3.499999999999999778e-01 4.599335316627470305e-01 2.299049612654622265e-01 1.256228553428924144e+00
-4.000000000000000222e-01 4.468066740836682538e-01 2.234099012940337359e-01 1.256310555204071644e+00
-4.500000000000000111e-01 4.328143992299398057e-01 2.164579964271110823e-01 1.256373127107146548e+00
-5.000000000000000000e-01 4.180495331279914240e-01 2.089695342359674801e-01 1.256471312165165610e+00
-5.500000000000000444e-01 4.024517697696488594e-01 2.012186649100235758e-01 1.256521847531807401e+00
-5.999999999999999778e-01 3.861690521946846144e-01 1.930861108918611457e-01 1.256549404805094250e+00
-6.500000000000000222e-01 3.691565812418856618e-01 1.845796083572169843e-01 1.256536134665721116e+00
-6.999999999999999556e-01 3.514528869004391876e-01 1.757168455300767429e-01 1.256501790059157520e+00
-7.500000000000000000e-01 3.327755370054477080e-01 1.663738906426135145e-01 1.256449085712042946e+00
-8.000000000000000444e-01 3.068531625719717049e-01 1.534091221296388363e-01 1.256340978461453206e+00
-8.499999999999999778e-01 2.411755494123288546e-01 1.206056314773311100e-01 1.255509164651435361e+00
-9.000000000000000222e-01 1.643174027656224001e-01 8.216505570593529706e-02 1.254205400231014123e+00
-9.499999999999999556e-01 8.339394214098166946e-02 4.169871777413918651e-02 1.252733057965092378e+00
