1.000000000000000000e+00 6.475001279764135453e-06 4.824992108078593784e-06 1.130313905224874481e-06
9.499999999999999556e-01 5.349599730154963056e-06 4.266081956270425317e-06 1.098140810942971643e-06
9.000000000000000222e-01 5.479084301122689648e-06 4.705357528587434258e-06 1.064764881894488323e-06
8.499999999999999778e-01 5.151350816270369339e-06 4.738937021701402568e-06 1.141549811835636917e-06
8.000000000000000444e-01 4.469449612779884316e-06 4.241413786173242368e-06 1.051297983762508151e-06
7.500000000000000000e-01 4.571196153129112681e-06 4.832392947056987138e-06 1.087217876165932684e-06
6.999999999999999556e-01 4.005829144516302676e-06 4.540892468430818961e-06 1.077020986321025826e-06
6.500000000000000222e-01 3.548668416873729940e-06 4.161268435011513116e-06 1.086770255099431406e-06
5.999999999999999778e-01 3.246490211570365226e-06 4.307686950789304002e-06 1.028937031316401723e-06
5.500000000000000444e-01 3.010868961034085668e-06 4.054731769854015731e-06 1.111311493174466267e-06
5.000000000000000000e-01 2.880177587382977141e-06 4.331289754359704647e-06 1.012343372632115940e-06
4.500000000000000111e-01 2.571761083687828505e-06 3.903413371290694174e-06 1.185829291827794705e-06
4.000000000000000222e-01 2.315714937500535052e-06 3.929882843703763226e-06 1.069337135956276694e-06
3.499999999999999778e-01 2.251049047016578831e-06 4.111999105950765059e-06 1.107818808728641928e-06
2.999999999999999889e-01 2.147513303012390247e-06 4.355132580050932141e-06 1.055507224542016643e-06
2.500000000000000000e-01 2.007163305261440325e-06 3.683963528190512587e-06 1.115609081118339579e-06
2.000000000000000111e-01 1.980956254121484101e-06 3.937051270275181961e-06 1.106444273940401907e-06
1.499999999999999944e-01 1.729135500667511215e-06 3.618325765179971544e-06 1.091122987972417621e-06
1.000000000000000056e-01 1.649148179403126040e-06 3.704275846144777088e-06 1.066384761133696907e-06
5.000000000000000278e-02 1.517307058422348674e-06 3.290721504375440761e-06 1.065021256749382536e-06
0.000000000000000000e+00 1.467421515631277916e-06 3.250058483805389714e-06 1.085632522865335057e-06
-5.000000000000000278e-02 1.481373574684446856e-06 3.438262283007209787e-06 1.010592949980804069e-06
-1.000000000000000056e-01 1.442710135876886828e-06 3.092141196271308832e-06 1.081988450155430551e-06
-1.499999999999999944e-01 1.308947907518769679e-06 2.916014639461479183e-06 1.055402099042452634e-06
-2.000000000000000111e-01 1.299352257408956751e-06 2.813900076043579980e-06 1.034716455243298245e-06
-2.500000000000000000e-01 1.249163791245005853e-06 2.581212094482331890e-06 1.127619270132038706e-06
-2.999999999999999889e-01 1.330812190401665982e-06 2.628118383333247499e-06 1.111355994645819523e-06
-3.499999999999999778e-01 1.099854072737474417e-06 2.284003204767205856e-06 1.108522959873931765e-06
-4.000000000000000222e-01 1.142644576173676479e-06 1.973775453293173197e-06 1.055195862211392421e-06
-4.500000000000000111e-01 1.115753237450654203e-06 1.897409551153131335e-06 1.130971072488906510e-06
-5.000000000000000000e-01 1.058767735044332738e-06 1.755580349861583646e-06 1.126123841902345984e-06
-5.500000000000000444e-01 1.064668339427607617e-06 1.543044153772452393e-06 1.015618854312232924e-06
-5.999999999999999778e-01 1.052720229567808221e-06 1.248438767483245956e-06 1.129338890235633948e-06
-6.500000000000000222e-01 9.940012533354694363e-07 1.067517257027251560e-06 1.036185071329275459e-06
-6.999999999999999556e-01 8.501725704862836804e-07 8.845838420920763040e-07 1.049566979298353427e-06
-7.500000000000000000e-01 8.219182686304678061e-07 8.931431053411043530e-07 1.153615756789676786e-06
-8.000000000000000444e-01 7.794614809494670121e-07 1.664116497764411553e-06 1.025549979165154165e-06
-8.499999999999999778e-01 9.415316784078108283e-07 7.341297135571305091e-07 1.125434377492183882e-06
-9.000000000000000222e-01 1.175321956099560484e-06 3.584005541212468680e-07 1.122294029142786121e-06
-9.499999999999999556e-01 1.372557327882441778e-06 1.398968129578914861e-07 1.038407729191562496e-06
