1.000000000000000000e+00 3.668937549097829320e-01 1.833380438808435153e-01 1.251587499807867765e+00
9.499999999999999556e-01 4.158960294741442243e-01 2.080092996464077137e-01 1.252052858117502332e+00
9.000000000000000222e-01 4.624934178326016165e-01 2.312876653849128550e-01 1.252311879848924336e+00
8.499999999999999778e-01 5.065249102836810735e-01 2.533278716544537512e-01 1.252451122828050600e+00
8.000000000000000444e-01 5.481063218951569560e-01 2.740324924699781284e-01 1.252478751311042915e+00
7.500000000000000000e-01 5.870641562111207357e-01 2.934931547906415306e-01 1.252437958235174786e+00
6.999999999999999556e-01 6.234359578751589304e-01 3.116282307162860366e-01 1.252333299865030725e+00
6.500000000000000222e-01 6.570858169675459770e-01 3.285144131170095183e-01 1.252189702126498494e+00
5.999999999999999778e-01 6.882590160397035195e-01 3.440033451083235327e-01 1.252040350556785642e+00
5.500000000000000444e-01 7.166655029251441933e-01 3.581955204406044313e-01 1.251873885580995216e+00
5.000000000000000000e-01 7.422963214360589479e-01 3.711011718941648607e-01 1.251710832644104210e+00
4.500000000000000111e-01 7.654711856420800542e-01 3.824652430423409744e-01 1.251567597687522682e+00
4.000000000000000222e-01 7.856633096451642873e-01 3.928860011286395837e-01 1.251443200112335674e+00
3.499999999999999778e-01 8.033696441035901303e-01 4.017101680256711105e-01 1.251348544426755804e+00
2.999999999999999889e-01 8.186256167127335948e-01 4.092214256436326192e-01 1.251271250355815212e+00
2.500000000000000000e-01 8.310903682447393637e-01 4.155109646913333621e-01 1.251218004845926934e+00
2.000000000000000111e-01 8.413245519739281919e-01 4.205128532654623386e-01 1.251220178725831689e+00
1.499999999999999944e-01 8.488026320300210426e-01 4.244646287327320522e-01 1.251209163576304517e+00
1.000000000000000056e-01 8.541940053777139497e-01 4.270422645929290439e-01 1.251276690115522339e+00
5.000000000000000278e-02 8.573098634094753479e-01 4.286124438189968244e-01 1.251348817401179758e+00
0.000000000000000000e+00 8.580619988966975420e-01 4.290254683203593711e-01 1.251436642893777540e+00
-5.000000000000000278e-02 8.566718288866038700e-01 4.283872925262805498e-01 1.251536016543275398e+00
-1.000000000000000056e-01 8.531082300023298259e-01 4.265382746217452059e-01 1.251658489243235639e+00
-1.499999999999999944e-01 8.474216747772891356e-01 4.235530219069283953e-01 1.251795517968931293e+00
-2.000000000000000111e-01 8.392531781904556398e-01 4.195827745028543609e-01 1.251927486108578291e+00
-2.500000000000000000e-01 8.286321588490236367e-01 4.143034587634329413e-01 1.252102782850840645e+00
-2.999999999999999889e-01 8.148938103245165765e-01 4.074059642880143994e-01 1.252255076311505233e+00
-3.499999999999999778e-01 7.971456657735180862e-01 3.985467585647476940e-01 1.252426336390938477e+00
-4.000000000000000222e-01 7.739268918528193764e-01 3.868746601146180186e-01 1.252545587232581248e+00
-4.500000000000000111e-01 7.429755064965490874e-01 3.715000050309009150e-01 1.252580433886641309e+00
-5.000000000000000000e-01 7.032124410365386824e-01 3.515528948376326901e-01 1.252489305413888587e+00
-5.500000000000000444e-01 6.545717972850789712e-01 3.271359885493920205e-01 1.252206514766622814e+00
-5.999999999999999778e-01 5.984252480340654934e-01 2.991315792997406020e-01 1.251722084423669168e+00
-6.500000000000000222e-01 5.362838012207028493e-01 2.681717885768794551e-01 1.251043395495956112e+00
-6.999999999999999556e-01 4.694682079334536740e-01 2.347565526715058581e-01 1.250225072655409386e+00
-7.500000000000000000e-01 3.986620455778748795e-01 1.993477074495173806e-01 1.249194588136309347e+00
-8.000000000000000444e-01 3.243367103309994781e-01 1.621685304849518061e-01 1.248110946621152184e+00
-8.499999999999999778e-01 2.467720774036385734e-01 1.234241793905405532e-01 1.247040860939122142e+00
-9.000000000000000222e-01 1.661990443414637642e-01 8.324053888335897211e-02 1.246120884072331902e+00
-9.499999999999999556e-01 8.364050789938498598e-02 4.190240327418254251e-02 1.245720254645596770e+00
