1.000000000000000000e+00 4.786813395073490538e-07 2.290260732979631485e-06 1.104666477975555410e-06
9.499999999999999556e-01 7.996824079014124303e-07 2.034392612779529338e-06 1.096517152556632538e-06
9.000000000000000222e-01 1.058767735044332738e-06 1.755580349861583646e-06 1.126123841902345984e-06
8.499999999999999778e-01 1.364431062995040133e-06 1.575224404416320274e-06 1.106433878508378561e-06
8.000000000000000444e-01 1.718641003584294260e-06 2.258182859047898029e-06 1.128799192381730992e-06
7.500000000000000000e-01 1.995374535885010139e-06 4.485944839123785637e-06 1.056849768904735475e-06
6.999999999999999556e-01 3.020566118251798386e-06 4.054388412831703756e-06 1.125447533193780605e-06
6.500000000000000222e-01 8.122934653069523620e-06 1.642017712775240207e-05 1.164197264246599703e-06
5.999999999999999778e-01 7.233873595122553314e-06 1.053101317700738559e-05 1.210880233695956256e-06
5.500000000000000444e-01 5.938962837991790870e-06 4.680797967036900219e-06 1.283538607391906309e-06
5.000000000000000000e-01 6.898115510973954703e-06 4.116864845179172647e-06 1.189441854361980580e-06
4.500000000000000111e-01 6.620612824093280049e-06 3.614092268263199137e-06 1.317583167549035874e-06
4.000000000000000222e-01 8.498271078372179424e-06 3.931131894316106143e-06 1.320937471459734762e-06
3.499999999999999778e-01 9.018490899642574702e-06 3.572520834352444135e-06 1.349079534441370880e-06
2.999999999999999889e-01 9.369572875698570951e-06 7.348632920236924669e-06 1.342379594645928204e-06
2.500000000000000000e-01 1.006227936344326842e-05 3.387586983944267118e-06 1.355629246597096806e-06
2.000000000000000111e-01 1.036343177496778344e-05 3.568211408555124085e-06 1.422323213047578001e-06
1.499999999999999944e-01 1.044163460290680135e-05 3.948512119437171487e-06 1.397419006048886371e-06
1.000000000000000056e-01 1.159024537936251399e-05 5.017791212629281466e-06 1.329505981496443394e-06
5.000000000000000278e-02 1.131766677128548984e-05 3.278354129781868764e-06 1.309778108513349332e-06
