1.000000000000000000e+00 2.701390133247836278e-01 1.350971580821904161e-01 1.254474272651219469e+00
9.499999999999999556e-01 3.695260234010254163e-01 1.844048635016262983e-01 1.255246156988015782e+00
9.000000000000000222e-01 4.601097282564504676e-01 2.300852798180471059e-01 1.255349301452491018e+00
8.499999999999999778e-01 5.426696566353935713e-01 2.711994061072913187e-01 1.254955534333695777e+00
8.000000000000000444e-01 6.169783905370747057e-01 3.083963771460817571e-01 1.254125232603722218e+00
7.500000000000000000e-01 6.833911185992821435e-01 3.416781719624710223e-01 1.252989358618422200e+00
6.999999999999999556e-01 7.422963214360589479e-01 3.711011718941648607e-01 1.251710832644104210e+00
6.500000000000000222e-01 7.941616799344514144e-01 3.968787513403060352e-01 1.250288676761788897e+00
5.999999999999999778e-01 8.392192948537584574e-01 4.194588448005237002e-01 1.248852398190874347e+00
5.500000000000000444e-01 8.781913448262517186e-01 4.390380497463411968e-01 1.247343485784478512e+00
5.000000000000000000e-01 9.115469328395340298e-01 4.557354916135829548e-01 1.245912777076465083e+00
4.500000000000000111e-01 9.399854182623186283e-01 4.699327827737303509e-01 1.244539775696898776e+00
4.000000000000000222e-01 9.642125840635418221e-01 4.819971645873239452e-01 1.243263870153025419e+00
3.499999999999999778e-01 9.842793883284484124e-01 4.920659765628472293e-01 1.242112567875102824e+00
2.999999999999999889e-01 1.000764241259629816e+00 5.003272213043383765e-01 1.241040344781103810e+00
2.500000000000000000e-01 1.013963193429826770e+00 5.071711765653211801e-01 1.240140098804505486e+00
2.000000000000000111e-01 1.024933058835761024e+00 5.122950109847022038e-01 1.239399087563672230e+00
1.499999999999999944e-01 1.032795745965692458e+00 5.162771563091842486e-01 1.238813397165083874e+00
1.000000000000000056e-01 1.038024266288860131e+00 5.191077850909546765e-01 1.238357353795494165e+00
5.000000000000000278e-02 1.041127689503225318e+00 5.206373403095213570e-01 1.238016292104828553e+00
