1.000000000000000000e+00 2.715929644571138302e-06 1.280356644278640078e-06 3.414442259492348763e-07
9.499999999999999556e-01 2.778923219276102918e-06 1.371492324030561393e-06 4.303373374756917996e-07
9.000000000000000222e-01 2.871215177075900113e-06 1.434333751934882448e-06 4.394556162118557758e-07
8.499999999999999778e-01 2.708309922352778811e-06 1.420726945140054806e-06 4.224142033452848101e-07
8.000000000000000444e-01 3.429322642765960996e-06 1.954002912338405573e-06 5.672923644108165832e-07
7.500000000000000000e-01 3.103087501532477802e-06 1.855826788985092817e-06 5.676406476071581239e-07
6.999999999999999556e-01 3.146035850074461667e-06 1.836874768767705659e-06 5.026633811383063040e-07
6.500000000000000222e-01 2.861187573237860348e-06 1.809532072251568021e-06 5.607948866352067063e-07
5.999999999999999778e-01 2.440613894281040217e-06 1.792429430361074277e-06 4.857035709050795805e-07
5.500000000000000444e-01 2.693055586680783810e-06 1.876560784521446613e-06 6.126499006240920008e-07
5.000000000000000000e-01 2.547358702837340632e-06 2.051464943743639194e-06 5.707472218080537381e-07
4.500000000000000111e-01 4.414926971797620829e-06 3.465813208709301552e-06 1.174172197760695687e-06
4.000000000000000222e-01 4.381668245777782729e-06 4.390555796040861821e-06 1.106244886736605977e-06
3.499999999999999778e-01 4.280023438540330149e-06 4.002811649912915422e-06 1.046816988546770228e-06
2.999999999999999889e-01 3.948323417108319091e-06 4.659856312080975477e-06 1.153600258282015745e-06
2.500000000000000000e-01 3.579809733351437420e-06 3.858968001790624887e-06 9.977233077743784267e-07
2.000000000000000111e-01 3.393469971006687973e-06 3.520083011390576496e-06 1.125773486514235656e-06
1.499999999999999944e-01 3.456232141884477796e-06 4.045814675712828472e-06 1.154488741329789997e-06
1.000000000000000056e-01 3.214703983244563455e-06 5.433858684066201790e-06 1.033434978961488025e-06
5.000000000000000278e-02 1.748835155636290127e-06 1.813566345646780471e-06 5.601713344092192335e-07
0.000000000000000000e+00 2.989190128647684043e-06 5.596706969058074594e-06 1.128789181410239370e-06
-5.000000000000000278e-02 5.416267000458746973e-06 3.072784351543741580e-05 1.104959648639024482e-06
-1.000000000000000056e-01 2.777338146488528963e-06 5.456014603354927635e-06 1.206900616160968181e-06
-1.499999999999999944e-01 2.779967375896853292e-06 3.998420573003150645e-06 1.206067094694143970e-06
-2.000000000000000111e-01 2.676704063006115738e-06 4.618599930496795500e-06 1.106368195862689971e-06
-2.500000000000000000e-01 2.625302490648687493e-06 4.177377894471910515e-06 1.088913875943497191e-06
-2.999999999999999889e-01 2.689831382307622226e-06 5.434458598976652039e-06 1.107950756560250786e-06
-3.499999999999999778e-01 2.918211803185802612e-06 4.745177158580052660e-06 1.092935245456220840e-06
-4.000000000000000222e-01 3.143073583149897747e-06 6.055459298253229217e-06 1.183927723901141081e-06
-4.500000000000000111e-01 2.869494166146264828e-06 7.891067827017122775e-06 1.174785246621175437e-06
-5.000000000000000000e-01 3.020566118251798386e-06 4.054388412831703756e-06 1.125447533193780605e-06
-5.500000000000000444e-01 3.121406268660978942e-06 3.712321926489996421e-06 1.213436907576031369e-06
-5.999999999999999778e-01 1.896010990951620539e-06 1.772369436448781614e-06 5.744778583316737551e-07
-6.500000000000000222e-01 1.824102538739383243e-06 9.787702996494478959e-07 6.324171317746346753e-07
-6.999999999999999556e-01 1.932309183328210521e-06 7.462450696373791192e-07 6.199977173331149466e-07
-7.500000000000000000e-01 2.126036744454661391e-06 5.691426739836208031e-07 6.078340529005939029e-07
-8.000000000000000444e-01 2.019885846057321297e-06 4.255470108339480372e-07 5.767280869968850883e-07
-8.499999999999999778e-01 2.177660834084980633e-06 2.740358142987375023e-07 6.278106631085284036e-07
-9.000000000000000222e-01 4.841034241897024743e-06 3.000779896015210119e-07 1.293102021158848937e-06
-9.499999999999999556e-01 5.422152889947039627e-06 1.346637077631863105e-07 1.173988829085462163e-06
