1.000000000000000000e+00 5.984206561176095285e-01 2.993300515356197011e-01 1.239958276101866375e+00
9.499999999999999556e-01 6.522014828646345297e-01 3.263491530112417327e-01 1.240192562267965037e+00
9.000000000000000222e-01 7.040435693755626723e-01 3.521319829554037106e-01 1.240385307121229852e+00
8.499999999999999778e-01 7.533664915823863328e-01 3.767372926653442256e-01 1.240433329664557105e+00
8.000000000000000444e-01 8.003260314973745793e-01 4.000922769534717705e-01 1.240424931976757073e+00
7.500000000000000000e-01 8.446401089475521484e-01 4.222342716587182410e-01 1.240307247070724150e+00
6.999999999999999556e-01 8.863968456041925181e-01 4.429546076164790347e-01 1.240115087832308838e+00
6.500000000000000222e-01 9.250580048980630021e-01 4.626618092775794389e-01 1.239980838365893234e+00
5.999999999999999778e-01 9.616741414629197404e-01 4.806017462289550735e-01 1.239793134099849148e+00
5.500000000000000444e-01 9.944140847648503811e-01 4.974343514853045156e-01 1.239612697750698933e+00
5.000000000000000000e-01 1.024933058835761024e+00 5.122950109847022038e-01 1.239399087563672230e+00
4.500000000000000111e-01 1.051653957880786638e+00 5.258196448157808067e-01 1.239250211377965094e+00
4.000000000000000222e-01 1.075363271964034251e+00 5.375185446199088890e-01 1.239066062944633062e+00
3.499999999999999778e-01 1.095601195240125447e+00 5.475803662988819598e-01 1.238906902737039406e+00
2.999999999999999889e-01 1.111883976810043695e+00 5.559252846644823221e-01 1.238786865520606906e+00
2.500000000000000000e-01 1.124818245729488186e+00 5.622134843095908385e-01 1.238765601081847523e+00
2.000000000000000111e-01 1.133340927891891781e+00 5.665499880367543817e-01 1.238588579712943893e+00
1.499999999999999944e-01 1.137554948533060051e+00 5.688826946015216324e-01 1.238499348090980501e+00
1.000000000000000056e-01 1.137698069604496043e+00 5.689281901222459359e-01 1.238458247237330889e+00
5.000000000000000278e-02 1.132975556399818284e+00 5.665592501429659311e-01 1.238406877739816059e+00
0.000000000000000000e+00 1.123471300245008964e+00 5.616625557910193134e-01 1.238355893832604693e+00
-5.000000000000000278e-02 1.108491760724126030e+00 5.543865403719845375e-01 1.238333212172103126e+00
-1.000000000000000056e-01 1.088601736083653293e+00 5.443118817875211013e-01 1.238259728580930918e+00
-1.499999999999999944e-01 1.063209814027998634e+00 5.315897146890808944e-01 1.238254648787142198e+00
-2.000000000000000111e-01 1.032256544703755274e+00 5.162141326797676788e-01 1.238125536218211531e+00
-2.500000000000000000e-01 9.964574364612898139e-01 4.982824200993076769e-01 1.237906829180698276e+00
-2.999999999999999889e-01 9.554182685817846910e-01 4.777846850623502228e-01 1.237713679385292975e+00
-3.499999999999999778e-01 9.097717457775635896e-01 4.549078107666262860e-01 1.237451794819148798e+00
-4.000000000000000222e-01 8.595975336494311447e-01 4.298144617416119195e-01 1.237132061805250371e+00
-4.500000000000000111e-01 8.051518693179593456e-01 4.026913872317655074e-01 1.236692090133203692e+00
-5.000000000000000000e-01 7.474214883706102874e-01 3.736947937407271714e-01 1.236225261316165280e+00
-5.500000000000000444e-01 6.856388214391277991e-01 3.428147205881902915e-01 1.235654117004037156e+00
-5.999999999999999778e-01 6.203954564342982758e-01 3.103695159783512181e-01 1.235055602154874643e+00
-6.500000000000000222e-01 5.521493450615060361e-01 2.761425430451905916e-01 1.234346086200357240e+00
-6.999999999999999556e-01 4.807525230601410460e-01 2.404761972783625301e-01 1.233692465704425256e+00
-7.500000000000000000e-01 4.061969669375038450e-01 2.032732823678893297e-01 1.233064421063079674e+00
-8.000000000000000444e-01 3.290322630187744735e-01 1.646526294732518769e-01 1.232525570688767891e+00
-8.499999999999999778e-01 2.491704683422245326e-01 1.247124848134324171e-01 1.232309979515303855e+00
-9.000000000000000222e-01 1.671102193855156792e-01 8.364825975580179873e-02 1.232453205775178695e+00
-9.499999999999999556e-01 8.306720715955519252e-02 4.180573124613685271e-02 1.233529876606662690e+00
