1.000000000000000000e+00 1.403958713868522927e-05 3.434783939970093703e-06 1.274116600871098084e-06
9.499999999999999556e-01 1.280143571886404658e-05 3.466544954215220896e-06 1.391523608013155501e-06
9.000000000000000222e-01 1.301565511018057193e-05 3.815018945272835569e-06 1.410826495381065491e-06
8.499999999999999778e-01 1.531287675296428170e-05 5.308702989523566556e-06 1.324800512337830788e-06
8.000000000000000444e-01 1.258213769616515675e-05 4.461206591939234639e-06 1.333060958881543010e-06
7.500000000000000000e-01 1.377034502400054714e-05 4.468768647601484635e-06 1.195531124254889644e-06
6.999999999999999556e-01 1.465596055455409571e-05 5.702948122077537324e-06 1.385257116916233393e-06
6.500000000000000222e-01 1.216318885571914599e-05 1.048776072003801443e-05 1.398884728698596712e-06
5.999999999999999778e-01 1.277771282763947993e-05 7.197967779607065611e-06 1.321166519257553222e-06
5.500000000000000444e-01 1.109732991797797453e-05 7.118285983424440345e-06 1.403159759342241543e-06
5.000000000000000000e-01 1.566920315725572619e-05 1.273720604804171861e-05 1.884796857914755849e-06
4.500000000000000111e-01 1.219837965839021503e-05 1.671531696162115963e-05 1.433018819099255805e-06
4.000000000000000222e-01 1.060968939472157943e-05 8.697565909286559144e-06 1.362540525203451407e-06
3.499999999999999778e-01 1.537892907980725667e-05 2.840824317927525628e-05 1.425605577433606927e-06
2.999999999999999889e-01 1.273428715897730873e-05 3.533670308964787144e-05 1.338821649001373113e-06
2.500000000000000000e-01 1.272477002919679893e-05 2.831510226129218297e-05 1.420510277607616019e-06
2.000000000000000111e-01 1.077324764244721673e-05 1.741617466181503426e-05 1.430869246536489458e-06
1.499999999999999944e-01 1.807868075032165151e-05 2.467190574276999861e-05 1.358276168153181389e-06
1.000000000000000056e-01 1.496834944597211770e-05 3.841884332805734766e-05 1.508969569328555309e-06
5.000000000000000278e-02 1.978796497744564226e-05 2.009940768815030360e-05 1.616462534044996234e-06
0.000000000000000000e+00 1.470140217446689813e-05 2.876566043627093851e-05 1.396237296674344369e-06
-5.000000000000000278e-02 1.506404348370566355e-05 2.423126169567610429e-05 1.379450479660406097e-06
-1.000000000000000056e-01 1.211929519986610326e-05 2.572372496677707143e-05 1.271815837412006145e-06
-1.499999999999999944e-01 1.236018184979711768e-05 9.915810061078530931e-06 1.475310757245041589e-06
-2.000000000000000111e-01 1.112005039366525586e-05 1.293937694243244817e-05 1.393152382668496100e-06
-2.500000000000000000e-01 1.041836256807854602e-05 9.966201720347161395e-06 1.487640005588589977e-06
-2.999999999999999889e-01 1.085882547936360065e-05 1.161673536879787164e-05 1.388413317579833907e-06
-3.499999999999999778e-01 1.054456546805869378e-05 1.540693578032028223e-05 1.329779536420324692e-06
-4.000000000000000222e-01 1.052173293181406612e-05 9.307402592487556514e-06 1.448427637927737358e-06
-4.500000000000000111e-01 1.082488465136794838e-05 6.855294389870766927e-06 1.307670072350763814e-06
-5.000000000000000000e-01 1.036343177496778344e-05 3.568211408555124085e-06 1.422323213047578001e-06
-5.500000000000000444e-01 9.809751794828227883e-06 3.540408898648647987e-06 1.436079284828281678e-06
-5.999999999999999778e-01 1.119681015070925019e-05 2.394945288023531523e-06 1.372794362293393466e-06
-6.500000000000000222e-01 9.797887125155036275e-06 1.419170261685429770e-06 1.282785975095703154e-06
-6.999999999999999556e-01 1.138270351398044129e-05 1.243050115388313993e-06 1.412731857705199700e-06
-7.500000000000000000e-01 1.084215193901272622e-05 9.599220325892676872e-07 1.369618660103279483e-06
-8.000000000000000444e-01 1.106550347802402217e-05 6.346019970446231476e-07 1.299049552951680207e-06
-8.499999999999999778e-01 1.117941045721389804e-05 4.468418821706871385e-07 1.309655528616926885e-06
-9.000000000000000222e-01 1.024334958155014790e-05 2.723757440838933999e-07 1.303267079709192299e-06
-9.499999999999999556e-01 1.060080845090962292e-05 1.142925095568990782e-07 1.347314201391356914e-06
