1.000000000000000000e+00 1.859448953908552360e-01 9.291436016149741406e-02 1.255189230222898411e+00
9.499999999999999556e-01 3.054812495843774456e-01 1.527337694570801985e-01 1.256206937166862714e+00
9.000000000000000222e-01 4.180495331279914240e-01 2.089695342359674801e-01 1.256471312165165610e+00
8.499999999999999778e-01 5.225305120374660328e-01 2.611957788640154043e-01 1.256090115628690773e+00
8.000000000000000444e-01 6.136786113116429187e-01 3.067487385837118774e-01 1.255325839914762875e+00
7.500000000000000000e-01 6.750907180521804607e-01 3.375275355711548353e-01 1.254143519313253741e+00
6.999999999999999556e-01 7.032124410365386824e-01 3.515528948376326901e-01 1.252489305413888587e+00
6.500000000000000222e-01 7.166312050687027035e-01 3.583454834431947233e-01 1.250508950860380164e+00
5.999999999999999778e-01 7.245746230828562506e-01 3.623211658157541870e-01 1.248466582859152574e+00
5.500000000000000444e-01 7.300266043299111773e-01 3.650397375380386444e-01 1.246452245739688491e+00
5.000000000000000000e-01 7.340489035047699229e-01 3.670126643488800244e-01 1.244493258081106113e+00
4.500000000000000111e-01 7.371074627947558078e-01 3.686356765347792441e-01 1.242709872559212503e+00
4.000000000000000222e-01 7.399573484457820927e-01 3.699689977420668741e-01 1.241117692802272021e+00
3.499999999999999778e-01 7.419992851515344601e-01 3.710746819177637712e-01 1.239560649045965635e+00
2.999999999999999889e-01 7.439007190464699271e-01 3.720642659374008288e-01 1.238293769137177147e+00
2.500000000000000000e-01 7.458844503342801913e-01 3.729463875547950336e-01 1.237164050097721901e+00
2.000000000000000111e-01 7.474214883706102874e-01 3.736947937407271714e-01 1.236225261316165280e+00
1.499999999999999944e-01 7.482769783402507535e-01 3.744377772818021088e-01 1.235439996725659961e+00
1.000000000000000056e-01 7.501583262514679440e-01 3.750467474780442845e-01 1.234806449111383042e+00
5.000000000000000278e-02 7.512771863110810910e-01 3.757207115823381072e-01 1.234347381060196147e+00
