1.000000000000000056e-01 3.315171199981138628e+00 2.358710675068959317e-01 1.043708165234165985e+00 5.097232992590255973e-01
2.000000000000000111e-01 3.151508633946776161e+00 2.168158563453783660e-01 1.074434162143381499e+00 4.792250769076007999e-01
2.999999999999999889e-01 2.827483180015823550e+00 1.879833571102715595e-01 1.090991828698185673e+00 4.409157086237742162e-01
4.000000000000000222e-01 2.392059094232339866e+00 1.515380388494987907e-01 9.926614922313219402e-01 3.852404653409344237e-01
5.000000000000000000e-01 1.867090708276664568e+00 1.119092412444215728e-01 8.829703643752064846e-01 3.223485901142793542e-01
5.999999999999999778e-01 1.346821449043519081e+00 7.056921147310149522e-02 7.467017882946435092e-01 2.525214992235302880e-01
6.999999999999999556e-01 9.168252693527390029e-01 2.924720937429682588e-02 5.157405988672898456e-01 1.830187850445431919e-01
8.000000000000000444e-01 6.206241427786939324e-01 -3.877213378566655034e-03 2.613941307922076351e-01 1.319699996558762189e-01
9.000000000000000222e-01 4.364434283715754592e-01 -2.416455561225909487e-02 1.118136391923413159e-01 1.017416399732030130e-01
1.000000000000000000e+00 3.223604430072884441e-01 -1.657768327467193034e-02 4.155569124615984128e-02 9.975634921385148624e-02
