1.000000000000000056e-01 2.123167349415270078e+00 2.123584494811271983e-01 7.233923505227872752e-01 3.597696920665275910e-01
2.000000000000000111e-01 2.065543472428910121e+00 1.968749501723905948e-01 6.928062421646400404e-01 3.403089039488710332e-01
2.999999999999999889e-01 1.938424011061012697e+00 1.703518777801011075e-01 6.215243071389011664e-01 3.115127739897433079e-01
4.000000000000000222e-01 1.778611473861374082e+00 1.393211246649857238e-01 5.869858148425826094e-01 2.727707561455433583e-01
5.000000000000000000e-01 1.578533217123322840e+00 1.029216201276765968e-01 4.848609192741210605e-01 2.302876497426149527e-01
5.999999999999999778e-01 1.359817562353538900e+00 6.137599184872459535e-02 3.588443622627744412e-01 1.754048747245539330e-01
6.999999999999999556e-01 1.134647903264794699e+00 2.423538488638890542e-02 2.512144520606866549e-01 1.208047988329949973e-01
8.000000000000000444e-01 9.313344111651663537e-01 -8.033006540204622875e-03 1.538514038260947181e-01 7.512958426916792332e-02
9.000000000000000222e-01 7.559595934637978187e-01 -2.468736011367054367e-02 6.900611857731255017e-02 4.438674028878288047e-02
1.000000000000000000e+00 6.120311636500801455e-01 -1.353876183617643177e-02 2.466953247492090565e-02 4.636267917009085499e-02
