1.000000000000000000e+00 1.476630648137131852e+00 2.189925294094025726e-02 4.866955104384874942e-02 7.267104571739984274e-03
9.000000000000000222e-01 1.413525925413532613e+00 1.264340251309565254e-02 8.002552343141088043e-02 1.202460700475984148e-02
8.000000000000000444e-01 1.344053620376883140e+00 1.088879438950700676e-02 1.208191869070607410e-01 3.055671246694283139e-02
6.999999999999999556e-01 1.276647579261552812e+00 1.412250772740499156e-02 1.676416766884740173e-01 6.242250633351347638e-02
5.999999999999999778e-01 1.206884966665857428e+00 1.892624175357503560e-02 2.208130783653023121e-01 9.210556994626799276e-02
5.000000000000000000e-01 1.134647903264794699e+00 2.423538488638890542e-02 2.512144520606866549e-01 1.208047988329949973e-01
4.000000000000000222e-01 1.073584924525341266e+00 2.746651242270893578e-02 2.964985557171236352e-01 1.490034728428500377e-01
2.999999999999999889e-01 1.015725546424449455e+00 3.014569648916326852e-02 3.328294627345377288e-01 1.660479007980898980e-01
2.000000000000000111e-01 9.682370972486191718e-01 3.048887367222552144e-02 3.813307706772610661e-01 1.783639192179868604e-01
1.000000000000000056e-01 9.348845489456689695e-01 3.018258174310460562e-02 4.133412383769886067e-01 1.847400990376668883e-01
0.000000000000000000e+00 9.168252693527390029e-01 2.924720937429682588e-02 5.157405988672898456e-01 1.830187850445431919e-01
-1.000000000000000056e-01 9.303573819540325029e-01 2.520573476280910802e-02 5.683917191744319863e-01 1.712047289981435960e-01
-2.000000000000000111e-01 1.005874791170207283e+00 2.180193887144610265e-02 7.107824969891060052e-01 1.631082156285368345e-01
-2.999999999999999889e-01 1.217617198345460672e+00 1.744343489442860134e-02 9.627140828640896597e-01 1.547843173208042766e-01
-4.000000000000000222e-01 1.821719487861817921e+00 1.448029659616561181e-02 1.250850596752003607e+00 1.550216362683248528e-01
-5.000000000000000000e-01 3.670748232499571273e+00 1.498241011585419238e-02 1.375180537730291697e+00 1.668589807970786154e-01
-5.999999999999999778e-01 8.896588731943676720e+00 2.564026300869040945e-02 1.116129496510510188e+00 1.852247130199709269e-01
-6.999999999999999556e-01 2.299249775681814256e+01 4.688461140209806977e-02 8.060804725850865271e-01 2.044794772817863648e-01
-8.000000000000000444e-01 7.112971010527820681e+01 7.318729415106160763e-02 4.050495379109431693e-01 1.975994612386299254e-01
-9.000000000000000222e-01 3.718045207484078105e+02 9.635510141995111411e-02 -6.161510138580551799e-03 1.604412093883278712e-01
