1.000000000000000056e-01 1.974797292046858388e+01 2.699116778459634824e-01 6.549726117094587519e-01 4.698358783807110028e-01
2.000000000000000111e-01 1.894199530364305417e+01 2.506023134778482264e-01 6.969645633693466458e-01 4.392304593114950695e-01
2.999999999999999889e-01 1.724524359039359567e+01 2.177057078983697380e-01 7.075940045918303056e-01 4.061718492987687057e-01
4.000000000000000222e-01 1.480419761839032411e+01 1.749994728078782535e-01 7.790578128057701335e-01 3.611799014826070353e-01
5.000000000000000000e-01 1.164075858674774722e+01 1.260951745357489773e-01 8.953333765667811361e-01 3.225626966560900533e-01
5.999999999999999778e-01 7.854173439317432504e+00 7.135913789404173257e-02 1.082537391217517575e+00 2.606903402097808797e-01
6.999999999999999556e-01 3.670748232499571273e+00 1.498241011585419238e-02 1.375180537730291697e+00 1.668589807970786154e-01
8.000000000000000444e-01 7.455153047656621901e-01 -2.165774057452594589e-02 8.973330327011111995e-01 6.264212307364686039e-02
9.000000000000000222e-01 2.356219159124945950e-01 -3.770297172661546403e-02 1.472064966445180145e-01 5.036699795371589461e-02
1.000000000000000000e+00 1.296910178148927284e-01 -2.134118011325165931e-02 3.392279071773631610e-02 7.488082375238329369e-02
