1.000000000000000000e+00 1.140352546505561060e+00 -1.926069400947255997e-02 -2.648786545276051070e-03 -2.352619025411690698e-02
9.000000000000000222e-01 1.064943121362459388e+00 -2.938615048799715287e-02 3.843679968842968111e-03 -3.011781912780366055e-02
8.000000000000000444e-01 9.911275322705924706e-01 -3.196617606978774395e-02 1.916936236609377564e-02 -1.855335864137113225e-02
6.999999999999999556e-01 9.086451068313163848e-01 -3.110651599446479301e-02 3.582946222232932798e-02 -2.127029144660569934e-04
5.999999999999999778e-01 8.330030748139563013e-01 -2.848016794119288819e-02 5.589417439700544721e-02 2.191348366941726564e-02
5.000000000000000000e-01 7.559595934637978187e-01 -2.468736011367054367e-02 6.900611857731255017e-02 4.438674028878288047e-02
4.000000000000000222e-01 6.830757649402418030e-01 -2.272683646172955416e-02 8.244917848384225589e-02 6.677659176692787857e-02
2.999999999999999889e-01 6.163645597315166036e-01 -2.033176496142437284e-02 9.749685494476439951e-02 8.252225144710596816e-02
2.000000000000000111e-01 5.505261830818286573e-01 -2.043518738911119167e-02 1.033510412675082979e-01 9.261650043409547228e-02
1.000000000000000056e-01 4.900966755774431305e-01 -2.199315757764411239e-02 1.092915645489571791e-01 9.969110886887078138e-02
0.000000000000000000e+00 4.364434283715754592e-01 -2.416455561225909487e-02 1.118136391923413159e-01 1.017416399732030130e-01
-1.000000000000000056e-01 3.868821921805645769e-01 -2.719745014692065074e-02 1.114572639277217891e-01 9.826376565788264017e-02
-2.000000000000000111e-01 3.407575503063347555e-01 -2.927106582291615425e-02 1.172487580512212024e-01 9.068103378321477892e-02
-2.999999999999999889e-01 3.001524435575940175e-01 -3.240614566196441115e-02 1.252938754665478827e-01 8.109565537448934491e-02
-4.000000000000000222e-01 2.652679130871008484e-01 -3.581981227923457939e-02 1.329590252039380693e-01 6.719733034518912684e-02
-5.000000000000000000e-01 2.356219159124945950e-01 -3.770297172661546403e-02 1.472064966445180145e-01 5.036699795371589461e-02
-5.999999999999999778e-01 2.191346154207269303e-01 -3.862074177399386216e-02 1.769012921733585098e-01 3.204669907277377799e-02
-6.999999999999999556e-01 2.409869546918168570e-01 -3.849200444110006253e-02 3.132464295763440765e-01 1.313793350652778941e-02
-8.000000000000000444e-01 1.911720704638606438e+00 -3.574471041822924189e-02 2.567111770444176599e+00 1.522442776477503888e-02
-9.000000000000000222e-01 8.196126483641546656e+01 -1.027304070453667097e-02 5.904935684178745925e-01 6.861799357569535462e-02
