1.000000000000000000e+00 2.103286210530719735e+00 1.725819486507580436e-01 1.929823747138309509e-01 1.336998679652231514e-01
9.000000000000000222e-01 2.083181167143685730e+00 1.732281074285580424e-01 2.860287879114471465e-01 1.605308203993703886e-01
8.000000000000000444e-01 2.063068811509995992e+00 1.792930477762273989e-01 3.749323930033128249e-01 2.023405830840835362e-01
6.999999999999999556e-01 2.049274681772511819e+00 1.827393613552901197e-01 4.608345588787732261e-01 2.426154230880702423e-01
5.999999999999999778e-01 2.044408928154180849e+00 1.887224716620995446e-01 5.516489181273077635e-01 2.963609384428743110e-01
5.000000000000000000e-01 2.065543472428910121e+00 1.968749501723905948e-01 6.928062421646400404e-01 3.403089039488710332e-01
4.000000000000000222e-01 2.110362345749408508e+00 2.038717626484535805e-01 8.000329188744430553e-01 3.914547483606923839e-01
2.999999999999999889e-01 2.215157967720449594e+00 2.084066674147202480e-01 8.426777135659491158e-01 4.222245426523552614e-01
2.000000000000000111e-01 2.375144148589467097e+00 2.122493341455561344e-01 9.213936596945744295e-01 4.463062182076183992e-01
1.000000000000000056e-01 2.669449708743870886e+00 2.151319270497879799e-01 1.011191612462324585e+00 4.650169245577029375e-01
0.000000000000000000e+00 3.151508633946776161e+00 2.168158563453783660e-01 1.074434162143381499e+00 4.792250769076007999e-01
-1.000000000000000056e-01 3.923662140676579035e+00 2.165986686083386237e-01 1.049977946143309415e+00 4.802540285672980414e-01
-2.000000000000000111e-01 5.293117290730776858e+00 2.225905923736792857e-01 1.128807421454647519e+00 4.750698519068281001e-01
-2.999999999999999889e-01 7.600947534974019426e+00 2.282043552931225516e-01 1.033766409548757315e+00 4.678526460989794189e-01
-4.000000000000000222e-01 1.160180731291189460e+01 2.380135032563730768e-01 8.532721004541627963e-01 4.609840441904627384e-01
-5.000000000000000000e-01 1.894199530364305417e+01 2.506023134778482264e-01 6.969645633693466458e-01 4.392304593114950695e-01
-5.999999999999999778e-01 3.375677307909078451e+01 2.625632541914133533e-01 4.946658520124250780e-01 4.145605766090715849e-01
-6.999999999999999556e-01 6.836112393695775324e+01 2.749199331059335449e-01 2.747286307881080525e-01 3.791721608741366323e-01
-8.000000000000000444e-01 1.748542427731308635e+02 2.878825147442317656e-01 3.859619904927062001e-02 3.290694607543176997e-01
-9.000000000000000222e-01 7.960564180297807297e+02 2.828854584629286739e-01 -2.367535765984367380e-01 2.367197763747329042e-01
