1.000000000000000000e+00 2.149351474173965215e+00 1.759562516961187817e-01 1.843806793638229358e-01 1.237625805701620119e-01
9.499999999999999556e-01 2.141326379582872974e+00 1.735711210152147688e-01 2.219259657708189115e-01 1.322585928713294612e-01
9.000000000000000222e-01 2.132353734161837266e+00 1.725224302154305112e-01 2.632507143403915451e-01 1.448805843570054874e-01
8.499999999999999778e-01 2.123703171552067559e+00 1.732779141798534428e-01 3.150456214679250855e-01 1.621633931759257352e-01
8.000000000000000444e-01 2.115862249571395459e+00 1.745808359533443654e-01 3.588133906038861176e-01 1.805317371712524821e-01
7.500000000000000000e-01 2.109254714993260116e+00 1.771801210886423950e-01 4.115172336775113071e-01 2.026499012877965578e-01
6.999999999999999556e-01 2.104631069380990205e+00 1.801401317024507454e-01 4.647684237486675030e-01 2.259116692257551740e-01
6.500000000000000222e-01 2.103638786866283805e+00 1.837547552239545134e-01 5.251011216881878996e-01 2.509242576129140923e-01
5.999999999999999778e-01 2.104640657516488211e+00 1.867513714011605763e-01 5.823634227811200770e-01 2.740954189553775899e-01
5.500000000000000444e-01 2.112114739992300816e+00 1.900389575041133705e-01 6.385203014965920021e-01 2.983854797264199887e-01
5.000000000000000000e-01 2.124492703706112540e+00 1.934403640377700961e-01 7.029907126408613260e-01 3.204377654006657639e-01
4.500000000000000111e-01 2.144968430577765872e+00 1.958513194568601568e-01 7.652135886092285011e-01 3.429902845729760341e-01
4.000000000000000222e-01 2.173796589836308524e+00 1.984187991144138186e-01 8.056806234755061746e-01 3.618666699055833602e-01
3.499999999999999778e-01 2.214902991994096570e+00 2.016187812192828943e-01 8.695172600630372006e-01 3.825593641426503488e-01
2.999999999999999889e-01 2.271057081198967875e+00 2.038091145020800299e-01 9.019105128439699470e-01 4.006421246398527147e-01
2.500000000000000000e-01 2.344210439138142199e+00 2.048730156083743148e-01 9.274641416713393927e-01 4.143680656438640808e-01
2.000000000000000111e-01 2.440175666296799495e+00 2.066370103470788200e-01 9.767927073552306050e-01 4.267496337328753886e-01
1.499999999999999944e-01 2.565441138708964619e+00 2.081562604158976593e-01 1.052316957048767376e+00 4.394910126407425288e-01
1.000000000000000056e-01 2.727300387155418004e+00 2.096882237479059663e-01 1.092323261123542943e+00 4.494921884063262651e-01
5.000000000000000278e-02 2.936372451989508470e+00 2.105694380194925719e-01 1.104072446017488884e+00 4.538056167837054011e-01
0.000000000000000000e+00 3.204600672463304711e+00 2.111229822920024091e-01 1.098159577394303588e+00 4.584063583033829437e-01
-5.000000000000000278e-02 3.553232656472556705e+00 2.117824402113848148e-01 1.124384976304395378e+00 4.609945226016611275e-01
-1.000000000000000056e-01 4.001165514092093645e+00 2.131373253928842970e-01 1.134448844085108599e+00 4.625686459454271260e-01
-1.499999999999999944e-01 4.583660472372346639e+00 2.143715501207336116e-01 1.136399317898771022e+00 4.601280770559579292e-01
-2.000000000000000111e-01 5.340017961816695191e+00 2.165239747970458539e-01 1.092619125836460148e+00 4.581406828567000655e-01
-2.500000000000000000e-01 6.320338515872562901e+00 2.201709868749474053e-01 1.040693822610485597e+00 4.575413963454721400e-01
-2.999999999999999889e-01 7.608549021621053399e+00 2.238486049590132088e-01 1.003678134657163934e+00 4.519046961584642363e-01
-3.499999999999999778e-01 9.306096190244145916e+00 2.287056653181736010e-01 9.288136509095091808e-01 4.473721033001115677e-01
-4.000000000000000222e-01 1.157156952516580972e+01 2.335298647805361671e-01 8.487624274290394011e-01 4.407356925350536803e-01
-4.500000000000000111e-01 1.463714389464592003e+01 2.400414432163007206e-01 7.694890335923585400e-01 4.329205303864358534e-01
-5.000000000000000000e-01 1.885340675997404603e+01 2.474618482525235419e-01 6.740419519112605951e-01 4.252282856781361975e-01
-5.500000000000000444e-01 2.482134342962956808e+01 2.549593241357711593e-01 5.791042785522446668e-01 4.143173423747776307e-01
-5.999999999999999778e-01 3.352155869253108733e+01 2.634666441805859072e-01 4.751382875921649207e-01 4.038342874156995999e-01
-6.500000000000000222e-01 4.671872626032762810e+01 2.716963579703329246e-01 3.716113604278717952e-01 3.888590928163602189e-01
-6.999999999999999556e-01 6.784478865625393951e+01 2.795955163603844884e-01 2.620713600967295998e-01 3.724982248921118178e-01
-7.500000000000000000e-01 1.042210438272343538e+02 2.861790764253588915e-01 1.489214035386984547e-01 3.508249788824629456e-01
-8.000000000000000444e-01 1.736962054736088703e+02 2.906629449330803694e-01 2.853790601050190667e-02 3.226006844395476469e-01
-8.499999999999999778e-01 3.293466550183527488e+02 2.894076224488090210e-01 -1.026933657422110929e-01 2.829198356769375700e-01
-9.000000000000000222e-01 7.907969078516267700e+02 2.812673950745534501e-01 -2.499012216259007546e-01 2.278024426163224037e-01
-9.499999999999999556e-01 3.383005157108994808e+03 2.582799865763081293e-01 -4.277989471668531829e-01 1.436625271525846792e-01
