1.000000000000000000e+00 6.261679642319222250e-01 -1.394086356007649685e-02 2.723942989710873008e-02 4.405663232475619945e-02
9.499999999999999556e-01 6.943354011722995267e-01 -2.318176185368389305e-02 4.480718899132121041e-02 3.942765909915002531e-02
9.000000000000000222e-01 7.712601416112286890e-01 -2.411464158778498304e-02 7.337591982538692326e-02 4.415446062433295987e-02
8.499999999999999778e-01 8.560178768549455697e-01 -1.821932239453983790e-02 1.110101312039498828e-01 5.565421955118761421e-02
8.000000000000000444e-01 9.487430414262274514e-01 -7.630085568912104051e-03 1.557693206040992595e-01 7.308463306597502707e-02
7.500000000000000000e-01 1.048442790849751338e+00 6.695870754130490293e-03 2.077038327632005354e-01 9.493078408455282724e-02
6.999999999999999556e-01 1.154016310066697359e+00 2.342173458672486622e-02 2.635590654926353027e-01 1.193729131656416503e-01
6.500000000000000222e-01 1.263649660429565502e+00 4.189342003467665110e-02 3.166981906957790360e-01 1.450335862725676550e-01
5.999999999999999778e-01 1.376259399777191028e+00 6.117197270296242245e-02 3.720253286789533820e-01 1.709824645483351002e-01
5.500000000000000444e-01 1.489033142587628644e+00 8.130414835038390908e-02 4.272445974499226029e-01 1.971321801782413563e-01
5.000000000000000000e-01 1.600177740795010406e+00 1.005738351705496164e-01 4.739918739888580035e-01 2.209778103991806852e-01
4.500000000000000111e-01 1.707674436304712051e+00 1.193594846702284301e-01 5.348423989848588578e-01 2.426411678927190840e-01
4.000000000000000222e-01 1.808526672181318906e+00 1.373121177645055813e-01 5.618747789174716178e-01 2.639221814794801002e-01
3.499999999999999778e-01 1.902485289745281527e+00 1.538400656945273781e-01 6.071559343150408905e-01 2.823131451846996320e-01
2.999999999999999889e-01 1.987562434465556249e+00 1.686076436341731599e-01 6.406689365849499440e-01 2.966337947751916393e-01
2.500000000000000000e-01 2.062285671970466971e+00 1.820742358085834789e-01 6.645327095504695025e-01 3.111385847822785156e-01
2.000000000000000111e-01 2.124492703706112540e+00 1.934403640377700961e-01 7.029907126408613260e-01 3.204377654006657639e-01
1.499999999999999944e-01 2.174607320661738008e+00 2.020838942292232099e-01 7.363066824002002519e-01 3.286782157537153637e-01
1.000000000000000056e-01 2.212442559932510822e+00 2.092702847394869448e-01 7.235305729496755989e-01 3.336194499807597080e-01
5.000000000000000278e-02 2.235828885871133487e+00 2.138039360511630460e-01 7.280863155756486238e-01 3.359620979998714785e-01
