1.000000000000000000e+00 1.321236135824928326e-01 -2.279978680244730549e-02 3.241221479608105693e-02 7.548860853321631703e-02
9.499999999999999556e-01 1.716566964469222190e-01 -3.499641584941207140e-02 6.256454944743178315e-02 6.055730765191472131e-02
9.000000000000000222e-01 2.394088830562091652e-01 -3.759214965114230506e-02 1.479689978749634260e-01 5.084610035675098116e-02
8.499999999999999778e-01 3.771201969775547780e-01 -3.287252934826152828e-02 3.762165373965487558e-01 4.764074608366861835e-02
8.000000000000000444e-01 7.401284242248254985e-01 -2.261348708265312202e-02 9.515216878942301948e-01 5.895327064701106484e-02
7.500000000000000000e-01 1.780291110506543539e+00 -7.423118030446987196e-03 1.499022427135663582e+00 1.062904803878685911e-01
6.999999999999999556e-01 3.585311468593298301e+00 1.467094523409238037e-02 1.439317556405876886e+00 1.673061021256371794e-01
6.500000000000000222e-01 5.633590308862761020e+00 4.141751200072611022e-02 1.274563156752941406e+00 2.182582861489647252e-01
5.999999999999999778e-01 7.670028291490127437e+00 6.987053819796380794e-02 1.131895015208794542e+00 2.579455794183443951e-01
5.500000000000000444e-01 9.612847680972867792e+00 9.829069749610688800e-02 1.020209543516108486e+00 2.904717385152389975e-01
5.000000000000000000e-01 1.142345836619006327e+01 1.258215516666757461e-01 9.354350280900638470e-01 3.178807500906757899e-01
4.500000000000000111e-01 1.308729237723219718e+01 1.514326977395968055e-01 8.719223387262098335e-01 3.418671148941268556e-01
4.000000000000000222e-01 1.458135099987778815e+01 1.747551290722952622e-01 8.185801438290951637e-01 3.620617444981685806e-01
3.499999999999999778e-01 1.591897947174683914e+01 1.970030103645505626e-01 7.745042365136562967e-01 3.807292748868670307e-01
2.999999999999999889e-01 1.707811118784766435e+01 2.163077409456962419e-01 7.351406501162927043e-01 3.979085477538787941e-01
2.500000000000000000e-01 1.805577845720988606e+01 2.331317123816487591e-01 6.981121272275996326e-01 4.116069069757546384e-01
2.000000000000000111e-01 1.885340675997404603e+01 2.474618482525235419e-01 6.740419519112605951e-01 4.252282856781361975e-01
1.499999999999999944e-01 1.947665880618785650e+01 2.586346357438831234e-01 6.499348037902857866e-01 4.362968341103180547e-01
1.000000000000000056e-01 1.989641469339097313e+01 2.687569118812213609e-01 6.336150063565760826e-01 4.470817654669708707e-01
5.000000000000000278e-02 2.014222908699498760e+01 2.757099647951345989e-01 6.117206722044072897e-01 4.555107263348389668e-01
