1.000000000000000000e+00 1.159871551124156186e+00 -1.713566447928793063e-02 -3.525457264358338241e-03 -2.616244312453882767e-02
9.499999999999999556e-01 1.122804264584585487e+00 -2.397339353012094276e-02 -1.304239059493018157e-03 -3.220094841336954700e-02
9.000000000000000222e-01 1.084767720819746151e+00 -2.823834203104802487e-02 3.595513874133924367e-03 -3.283791600226405177e-02
8.499999999999999778e-01 1.046118753830779236e+00 -3.059482249009923271e-02 1.049834180707943411e-02 -2.916687638241289779e-02
8.000000000000000444e-01 1.006841110434455899e+00 -3.145033935399057373e-02 1.881144617164304256e-02 -2.253774124987317426e-02
7.500000000000000000e-01 9.670083708054616478e-01 -3.109488596873456745e-02 2.806074154626498826e-02 -1.368770505092835842e-02
6.999999999999999556e-01 9.272787285884220854e-01 -3.032846149396362101e-02 3.770154176047897654e-02 -2.926274161044427769e-03
6.500000000000000222e-01 8.877696030297568264e-01 -2.896466894993478605e-02 4.722513886185233239e-02 8.488005203644019905e-03
5.999999999999999778e-01 8.482159475077531985e-01 -2.729942432396983282e-02 5.652894829627474332e-02 2.059726716791511134e-02
5.500000000000000444e-01 8.094940881001549959e-01 -2.549992004794925105e-02 6.547435777093119080e-02 3.256303381394112101e-02
5.000000000000000000e-01 7.712601416112286890e-01 -2.411464158778498304e-02 7.337591982538692326e-02 4.415446062433295987e-02
4.500000000000000111e-01 7.337613939586724587e-01 -2.263916037367985981e-02 8.065574032088232426e-02 5.478384073290170492e-02
4.000000000000000222e-01 6.969724852521437253e-01 -2.148419931420229509e-02 8.741384592325002201e-02 6.483210638945514914e-02
3.499999999999999778e-01 6.615510966541734428e-01 -2.069273386485225366e-02 9.281848124881786344e-02 7.373193014503497122e-02
2.999999999999999889e-01 6.270031260683773811e-01 -2.022072107407670710e-02 9.754041548440159359e-02 8.153630769934340494e-02
2.500000000000000000e-01 5.935710964888485375e-01 -2.004788918251808327e-02 1.013107509473187701e-01 8.813202528029089045e-02
2.000000000000000111e-01 5.613206190925952299e-01 -2.026209414433762998e-02 1.050524607131089611e-01 9.350924825518727723e-02
1.499999999999999944e-01 5.302309421810947887e-01 -2.078949658779965376e-02 1.077583409504499490e-01 9.713729284006288045e-02
1.000000000000000056e-01 5.002810026932705822e-01 -2.162932910897889111e-02 1.098501040627309633e-01 1.000738505777918480e-01
5.000000000000000278e-02 4.716266094187851476e-01 -2.258174519837640934e-02 1.117143660882421591e-01 1.013345161142701345e-01
0.000000000000000000e+00 4.440797069224254323e-01 -2.392087806229462044e-02 1.139405211908890853e-01 1.017999627761171783e-01
-5.000000000000000278e-02 4.178577345259717468e-01 -2.531818939281104894e-02 1.152392493942937385e-01 1.007379402050790906e-01
-1.000000000000000056e-01 3.928018863675569738e-01 -2.674298107466700422e-02 1.175075665855567775e-01 9.880579676925121957e-02
-1.499999999999999944e-01 3.689311244992999894e-01 -2.832673149492792933e-02 1.190162079420646196e-01 9.554287840793654341e-02
-2.000000000000000111e-01 3.462308903025598239e-01 -2.986626516423878178e-02 1.203948847489551416e-01 9.167888682322558602e-02
-2.500000000000000000e-01 3.248507392751487366e-01 -3.146416942485211199e-02 1.227938726168878586e-01 8.669385621608587111e-02
-2.999999999999999889e-01 3.046976670831456624e-01 -3.301920341630940753e-02 1.254278394794949014e-01 8.117892476702077975e-02
-3.499999999999999778e-01 2.859349136735142016e-01 -3.438015386824463948e-02 1.289139634233942566e-01 7.482970948927616939e-02
-4.000000000000000222e-01 2.686283643636416252e-01 -3.567209444670458446e-02 1.332793954930184266e-01 6.743002727079171199e-02
-4.500000000000000111e-01 2.530075273249505763e-01 -3.671857999849155452e-02 1.400438021359106666e-01 5.983237319305702989e-02
-5.000000000000000000e-01 2.394088830562091652e-01 -3.759214965114230506e-02 1.479689978749634260e-01 5.084610035675098116e-02
-5.500000000000000444e-01 2.285776092760625766e-01 -3.831466531325965902e-02 1.623308262619482523e-01 4.165699155808198079e-02
-5.999999999999999778e-01 2.221334743107976906e-01 -3.864397077671080649e-02 1.833322083183835938e-01 3.203981758135310970e-02
-6.500000000000000222e-01 2.235583185587551591e-01 -3.889412281012980671e-02 2.241863591817403190e-01 2.178067992971631506e-02
-6.999999999999999556e-01 2.439966003282667273e-01 -3.854687458790940352e-02 3.139949680965275491e-01 1.076432300736511818e-02
-7.500000000000000000e-01 3.387878016213487498e-01 -3.801171399262078671e-02 6.275396266514478016e-01 -3.600553579246708259e-04
-8.000000000000000444e-01 1.756575698892012927e+00 -3.633766763017898943e-02 2.790009582740472283e+00 7.048904597686561635e-03
-8.499999999999999778e-01 1.779503933545680994e+01 -2.585896955602584590e-02 1.485597557649928957e+00 5.456170543989270760e-02
-9.000000000000000222e-01 8.071506746669118115e+01 -9.551421502179399670e-03 6.517659314357249212e-01 7.104877981148938204e-02
-9.499999999999999556e-01 4.975047116243520122e+02 7.903910604905813042e-03 7.643697456382116118e-02 6.481938813888835083e-02
