1.000000000000000000e+00 1.499263781765579839e+00 2.326291301673185513e-02 4.812279399082833309e-02 4.304194628376332640e-03
9.499999999999999556e-01 1.468218372670900163e+00 1.772156820970442748e-02 6.281922835265257854e-02 3.900675791615568384e-03
9.000000000000000222e-01 1.435332445437086379e+00 1.446248053285515388e-02 8.009422886418061938e-02 8.356661628416452159e-03
8.499999999999999778e-01 1.401351716634113620e+00 1.297226099332046863e-02 1.002062605648191135e-01 1.710062432875082347e-02
8.000000000000000444e-01 1.366354761312279065e+00 1.285149974406963290e-02 1.222038012005250002e-01 2.857288976392753643e-02
7.500000000000000000e-01 1.330848752528007717e+00 1.363978592611545144e-02 1.448279488519648439e-01 4.218688972709883772e-02
6.999999999999999556e-01 1.295028670696191098e+00 1.519654400681791535e-02 1.685184107348495219e-01 5.719607451187344593e-02
6.500000000000000222e-01 1.259235826433575678e+00 1.703460335716261084e-02 1.932841090581672583e-01 7.316989390118414094e-02
5.999999999999999778e-01 1.223343607203394967e+00 1.916079558224156876e-02 2.158416963304834457e-01 8.873405804339257186e-02
5.500000000000000444e-01 1.188222277972410534e+00 2.129553602610359878e-02 2.386107770441972808e-01 1.044246686748511316e-01
5.000000000000000000e-01 1.154016310066697359e+00 2.342173458672486622e-02 2.635590654926353027e-01 1.193729131656416503e-01
4.500000000000000111e-01 1.120503403153711330e+00 2.522855369328184938e-02 2.814171344155533827e-01 1.327041057684021363e-01
4.000000000000000222e-01 1.088844371049828119e+00 2.687969701934776398e-02 3.053327129499113779e-01 1.456202127469673202e-01
3.499999999999999778e-01 1.058593597788522800e+00 2.822540427132069416e-02 3.256207325150579646e-01 1.560612998737788137e-01
2.999999999999999889e-01 1.029929598224817111e+00 2.931697729769942168e-02 3.433385501760200520e-01 1.653780459466408226e-01
2.500000000000000000e-01 1.003707911452021539e+00 2.974605244063639395e-02 3.672061902308703663e-01 1.722282486861811124e-01
2.000000000000000111e-01 9.798061104527081566e-01 3.005255525103144379e-02 3.852659837895818229e-01 1.776921175153375887e-01
1.499999999999999944e-01 9.597280734333872854e-01 2.978421842283430696e-02 4.156629699776719367e-01 1.813380237396937100e-01
1.000000000000000056e-01 9.427436075861654885e-01 2.926696051635314585e-02 4.412426986841823107e-01 1.829200022788092517e-01
5.000000000000000278e-02 9.306498223206253195e-01 2.863725460043902230e-02 4.653254262876929115e-01 1.831542754765087822e-01
0.000000000000000000e+00 9.240237413059604332e-01 2.734789087590289852e-02 5.019336311132084338e-01 1.815626129093592944e-01
-5.000000000000000278e-02 9.252286290217951459e-01 2.616996526400050191e-02 5.534368706014842765e-01 1.789043493932561679e-01
-1.000000000000000056e-01 9.355886614397342926e-01 2.429026010293969598e-02 5.966129421722916604e-01 1.739177578833009663e-01
-1.499999999999999944e-01 9.597568597809325031e-01 2.260911775957934536e-02 6.638593831654542310e-01 1.678336822024401320e-01
-2.000000000000000111e-01 1.004727885710142266e+00 2.068714450772537322e-02 7.500728226124726561e-01 1.622496884643371828e-01
-2.500000000000000000e-01 1.080116464024847955e+00 1.860158193994702891e-02 8.480947360519340839e-01 1.569731182234497258e-01
-2.999999999999999889e-01 1.206080972052344658e+00 1.669476962179079066e-02 9.967300704296837566e-01 1.517511558451083709e-01
-3.499999999999999778e-01 1.419808555949637396e+00 1.475224048470574756e-02 1.152477188968418220e+00 1.490380974129055514e-01
-4.000000000000000222e-01 1.791221321742420880e+00 1.359533929660524006e-02 1.315169185716388522e+00 1.505529226227884099e-01
-4.500000000000000111e-01 2.447614873230298471e+00 1.300341749658081615e-02 1.431146511733476734e+00 1.570192033406738741e-01
-5.000000000000000000e-01 3.585311468593298301e+00 1.467094523409238037e-02 1.439317556405876886e+00 1.673061021256371794e-01
-5.500000000000000444e-01 5.493550492407597297e+00 1.853217652485668332e-02 1.351518757148572281e+00 1.785598020669623698e-01
-5.999999999999999778e-01 8.626363546457829656e+00 2.549285944324719902e-02 1.198407808529695417e+00 1.896839361191814954e-01
-6.500000000000000222e-01 1.378944663988745489e+01 3.498888253050624897e-02 1.007603915418537888e+00 1.978102286048213920e-01
-6.999999999999999556e-01 2.256922509017750755e+01 4.655493744474494683e-02 8.079558668079036554e-01 2.014376173688472438e-01
-7.500000000000000000e-01 3.841683711751877439e+01 5.979848474860965934e-02 6.069238014225541988e-01 2.010374922643025641e-01
-8.000000000000000444e-01 6.991894786215497959e+01 7.361992934141774192e-02 4.056166853444118092e-01 1.951403438680718860e-01
-8.499999999999999778e-01 1.430077124231461880e+02 8.673498031677404074e-02 1.999075588871752629e-01 1.816431661007487652e-01
-9.000000000000000222e-01 3.665717694247554732e+02 9.662442178838713536e-02 -1.858682904758078222e-02 1.568491409500502587e-01
-9.499999999999999556e-01 1.656603057196934742e+03 9.853196435308017587e-02 -2.721315313079262221e-01 1.109732051671712544e-01
