1.000000000000000000e+00 3.291337095222177100e-01 -1.618742418576979078e-02 4.320508689022611870e-02 9.937697269879636197e-02
9.499999999999999556e-01 3.800591302455002540e-01 -2.446405515849681481e-02 6.926543166449089517e-02 9.645705965501293055e-02
9.000000000000000222e-01 4.440797069224254323e-01 -2.392087806229462044e-02 1.139405211908890853e-01 1.017999627761171783e-01
8.499999999999999778e-01 5.252655980332981978e-01 -1.678307676699234210e-02 1.788457782080581926e-01 1.132601574666708549e-01
8.000000000000000444e-01 6.287488545262631678e-01 -5.047875958711735278e-03 2.676863808776797082e-01 1.308510800782826111e-01
7.500000000000000000e-01 7.603671600292044586e-01 9.859348947999283658e-03 3.812716792921189146e-01 1.536009223379860567e-01
6.999999999999999556e-01 9.240237413059604332e-01 2.734789087590289852e-02 5.019336311132084338e-01 1.815626129093592944e-01
6.500000000000000222e-01 1.122245168515194180e+00 4.624117845702748614e-02 6.293475002679868036e-01 2.128287489145143929e-01
5.999999999999999778e-01 1.351310221857299432e+00 6.668262559847008830e-02 7.462119861534632914e-01 2.472740490429380655e-01
5.500000000000000444e-01 1.604277379229920975e+00 8.713780822403328907e-02 8.573623007833743870e-01 2.818195318701729457e-01
5.000000000000000000e-01 1.870106482386123536e+00 1.082156230988375739e-01 9.172364764612760402e-01 3.141953351405883943e-01
4.500000000000000111e-01 2.136974495709489830e+00 1.281489630214065756e-01 9.857455691954117860e-01 3.446421740510262066e-01
4.000000000000000222e-01 2.395507818801427380e+00 1.478318427450129036e-01 1.042849330395294594e+00 3.733833734305683771e-01
3.499999999999999778e-01 2.638010092005318885e+00 1.661619370393948580e-01 1.092241685321376776e+00 3.982036765063622363e-01
2.999999999999999889e-01 2.856520349976142903e+00 1.833221603080007200e-01 1.078490495009053474e+00 4.235005042228052741e-01
2.500000000000000000e-01 3.046049761137135103e+00 1.977764878026184170e-01 1.090920817219665828e+00 4.401189449147713817e-01
2.000000000000000111e-01 3.204600672463304711e+00 2.111229822920024091e-01 1.098159577394303588e+00 4.584063583033829437e-01
1.499999999999999944e-01 3.329040064283528277e+00 2.233965483187826395e-01 1.106187772976524597e+00 4.765496190347904837e-01
1.000000000000000056e-01 3.417202211188970384e+00 2.299929140753425860e-01 1.106732547200967920e+00 4.840763260762196429e-01
5.000000000000000278e-02 3.467297973151664436e+00 2.374710491605073748e-01 1.121208713386043776e+00 4.954507163888946519e-01
